-0.049296
-0.184704
0.455117
-0.093999
-0.154116
0.128260
-0.052698
-0.132946
-0.033839
-0.165932
0.345757
0.348598
0.284291
0.023368
-0.109382
0.059444
0.294137
-0.132820
0.043401
0.169071
0.184006
0.041103
-0.141247
-0.148793
0.111957
-0.262129
-0.021532
-0.027895
0.079069
0.148023
0.025254
0.336138
-0.040101
0.122689
-0.167380
0.183729
-0.060924
-0.057426
-0.132807
0.157389
0.193603
-0.081849
-0.238130
-0.044866
-0.047933
0.008114
0.168835
0.132971
-0.037340
-0.120111
-0.084513
0.398829
-0.076034
-0.060252
-0.125557
-0.148626
-0.047293
0.378029
-0.095427
0.034098
0.281823
0.226829
0.083802
0.259039
-0.029517
0.053405
0.059382
-0.129083
0.051719
0.053136
-0.086071
0.059381
0.198993
-0.084590
0.091205
-0.155700
-0.287047
-0.074954
0.127646
-0.239587
-0.173168
-0.155462
0.370667
0.291868
